[[[27.954416149540354, 46.81350414753168, 3928.1614264827967], [1.6749188341284955, 7.791735445518084, 6.108196195021858, 2.3881491832469295, 1.7142417005404065, 9.790463529552238]], [[4.407935305197932, 2.0649145230014447, 13.980914842174034], [8.783488243651297, 2.080324879557518, 2.9902217791604953, 1.5470918780510838, 2.0431906616363444, 1.964499139404]], [[40.6535559613664, 427.64643184117085, 1132.4365171804816], [2.5977016056837097, 4.776832353962905, 8.10279122351363, 9.391611434094727, 5.133652652443427, 3.5659344983720533]], [[6504.651923066248, 1.3036116498596806, 5192.861950103848], [4.649532070059185, 2.9021803776373574, 9.94479922609081, 6.053353943651407, 3.6957727642891833, 8.54382107993511]], [[30.00364702884759, 46.81350414753168, 3928.1614264827967], [1.6749188341284955, 1.9236429212389363, 2.9902217791604953, 1.5470918780510838, 2.0431906616363444, 9.790463529552238]], [[30.00364702884759, 46.81350414753168, 3928.1614264827967], [1.6749188341284955, 2.0229625144202052, 2.9902217791604953, 1.3979692209298764, 2.030544241419165, 9.790463529552238]], [[30.00364702884759, 2.0649145230014447, 13.980914842174034], [9.121194365256237, 7.791735445518084, 6.108196195021858, 1.5470918780510838, 2.0431906616363444, 9.790463529552238]], [[4.407935305197932, 46.81350414753168, 3928.1614264827967], [1.6749188341284955, 2.0229625144202052, 2.9902217791604953, 2.3881491832469295, 1.7142417005404065, 1.964499139404]]]

[[27.954416149540354, 46.81350414753168, 3928.1614264827967], [1.6749188341284955, 7.791735445518084, 6.108196195021858, 2.3881491832469295, 1.7142417005404065, 9.790463529552238]]
[[4.407935305197932, 2.0649145230014447, 13.980914842174034], [8.783488243651297, 2.080324879557518, 2.9902217791604953, 1.5470918780510838, 2.0431906616363444, 1.964499139404]]
[[40.6535559613664, 427.64643184117085, 1132.4365171804816], [2.5977016056837097, 4.776832353962905, 8.10279122351363, 9.391611434094727, 5.133652652443427, 3.5659344983720533]]
[[6504.651923066248, 1.3036116498596806, 5192.861950103848], [4.649532070059185, 2.9021803776373574, 9.94479922609081, 6.053353943651407, 3.6957727642891833, 8.54382107993511]]
[[30.00364702884759, 46.81350414753168, 3928.1614264827967], [1.6749188341284955, 1.9236429212389363, 2.9902217791604953, 1.5470918780510838, 2.0431906616363444, 9.790463529552238]]
[[30.00364702884759, 46.81350414753168, 3928.1614264827967], [1.6749188341284955, 2.0229625144202052, 2.9902217791604953, 1.3979692209298764, 2.030544241419165, 9.790463529552238]]
[[30.00364702884759, 2.0649145230014447, 13.980914842174034], [9.121194365256237, 7.791735445518084, 6.108196195021858, 1.5470918780510838, 2.0431906616363444, 9.790463529552238]]
[[4.407935305197932, 46.81350414753168, 3928.1614264827967], [1.6749188341284955, 2.0229625144202052, 2.9902217791604953, 2.3881491832469295, 1.7142417005404065, 1.964499139404]]



[[[4.407935305197932, 46.81350414753168, 3928.1614264827967], [2.5977016056837097, 4.776832353962905, 8.10279122351363, 9.391611434094727, 5.133652652443427, 3.5659344983720533]], [[43.18570367676862, 427.64643184117085, 1132.4365171804816], [1.6779741013887741, 2.0229625144202052, 2.9409663908863513, 2.3881491832469295, 1.7142417005404065, 1.964499139404]], [[4.407935305197932, 46.27200506880831, 3928.1614264827967], [1.6749188341284955, 1.861386503921091, 2.7505257317566887, 2.3881491832469295, 1.7142417005404065, 2.3059247305401227]], [[27.954416149540354, 46.81350414753168, 3928.1614264827967], [1.6749188341284955, 7.791735445518084, 6.725560840178902, 2.3881491832469295, 1.7142417005404065, 9.790463529552238]], [[4.407935305197932, 46.81350414753168, 3928.1614264827967], [1.6749188341284955, 2.0229625144202052, 5.8333458172378405, 2.127330466922728, 1.7142417005404065, 1.964499139404]], [[27.954416149540354, 46.81350414753168, 3928.1614264827967], [1.6749188341284955, 8.520547312019387, 2.5845187408484236, 2.3881491832469295, 1.901274615830868, 8.9728729079445]], [[30.00364702884759, 46.81350414753168, 3928.1614264827967], [1.6749188341284955, 1.7618604591225808, 2.9902217791604953, 1.3979692209298764, 2.030544241419165, 9.790463529552238]], [[30.00364702884759, 42.379226902359505, 3928.1614264827967], [1.4839896967808859, 2.0229625144202052, 2.9902217791604953, 1.3979692209298764, 2.030544241419165, 9.790463529552238]]]

[[1, 4.407935305197932, 46.81350414753168, 3928.1614264827967], [1, 2.5977016056837097, 4.776832353962905, 8.10279122351363, 9.391611434094727, 5.133652652443427, 3.5659344983720533]]
[[1, 43.18570367676862, 427.64643184117085, 1132.4365171804816], [1, 1.6779741013887741, 2.0229625144202052, 2.9409663908863513, 2.3881491832469295, 1.7142417005404065, 1.964499139404]]
[[1, 4.407935305197932, 46.27200506880831, 3928.1614264827967], [1, 1.6749188341284955, 1.861386503921091, 2.7505257317566887, 2.3881491832469295, 1.7142417005404065, 2.3059247305401227]]
[[1, 27.954416149540354, 46.81350414753168, 3928.1614264827967], [1, 1.6749188341284955, 7.791735445518084, 6.725560840178902, 2.3881491832469295, 1.7142417005404065, 9.790463529552238]]
[[1, 4.407935305197932, 46.81350414753168, 3928.1614264827967], [1, 1.6749188341284955, 2.0229625144202052, 5.8333458172378405, 2.127330466922728, 1.7142417005404065, 1.964499139404]]
[[1, 27.954416149540354, 46.81350414753168, 3928.1614264827967], [1, 1.6749188341284955, 8.520547312019387, 2.5845187408484236, 2.3881491832469295, 1.901274615830868, 8.9728729079445]]
[[1, 30.00364702884759, 46.81350414753168, 3928.1614264827967], [1, 1.6749188341284955, 1.7618604591225808, 2.9902217791604953, 1.3979692209298764, 2.030544241419165, 9.790463529552238]]
[[1, 30.00364702884759, 42.379226902359505, 3928.1614264827967], [1, 1.4839896967808859, 2.0229625144202052, 2.9902217791604953, 1.3979692209298764, 2.030544241419165, 9.790463529552238]]
Best weights: [[1, 4.407935305197932, 46.27200506880831, 3928.1614264827967], [1, 1.6749188341284955, 1.861386503921091, 2.7505257317566887, 2.3881491832469295, 1.7142417005404065, 2.3059247305401227]]


[[[34.70622873554162, 46.81350414753168, 3928.1614264827967], [1.6749188341284955, 2.0229625144202052, 2.9902217791604953, 1.3979692209298764, 2.030544241419165, 9.790463529552238]], [[30.00364702884759, 46.81350414753168, 3928.1614264827967], [1.6749188341284955, 2.0229625144202052, 2.7374820896244065, 1.3979692209298764, 2.0310098433316046, 9.133474405988897]], [[6504.651923066248, 1.3036116498596806, 5192.861950103848], [4.649532070059185, 2.9021803776373574, 9.94479922609081, 1.5470918780510838, 2.0431906616363444, 9.790463529552238]], [[30.00364702884759, 2.0649145230014447, 13.105002983982397], [9.121194365256237, 7.791735445518084, 6.108196195021858, 6.053353943651407, 3.689464481270422, 8.54382107993511]], [[4.407935305197932, 427.64643184117085, 934.4984576028926], [2.5977016056837097, 2.0229625144202052, 2.9902217791604953, 2.3881491832469295, 1.5511375752385905, 1.964499139404]], [[40.6535559613664, 46.81350414753168, 3928.1614264827967], [1.6749188341284955, 4.776832353962905, 8.10279122351363, 10.816956632995169, 5.133652652443427, 3.5659344983720533]], [[30.00364702884759, 46.81350414753168, 3928.1614264827967], [1.5851365361995056, 4.776832353962905, 9.264044464236246, 1.3979692209298764, 1.8213549156513755, 9.790463529552238]], [[40.6535559613664, 465.17304562223296, 1132.4365171804816], [2.5977016056837097, 2.0229625144202052, 2.9902217791604953, 9.391611434094727, 5.133652652443427, 3.5659344983720533]]]

[[1, 34.70622873554162, 46.81350414753168, 3928.1614264827967], [1, 1.6749188341284955, 2.0229625144202052, 2.9902217791604953, 1.3979692209298764, 2.030544241419165, 9.790463529552238]]
[[1, 30.00364702884759, 46.81350414753168, 3928.1614264827967], [1, 1.6749188341284955, 2.0229625144202052, 2.7374820896244065, 1.3979692209298764, 2.0310098433316046, 9.133474405988897]]
[[1, 6504.651923066248, 1.3036116498596806, 5192.861950103848], [1, 4.649532070059185, 2.9021803776373574, 9.94479922609081, 1.5470918780510838, 2.0431906616363444, 9.790463529552238]]
[[1, 30.00364702884759, 2.0649145230014447, 13.105002983982397], [1, 9.121194365256237, 7.791735445518084, 6.108196195021858, 6.053353943651407, 3.689464481270422, 8.54382107993511]]
[[1, 4.407935305197932, 427.64643184117085, 934.4984576028926], [1, 2.5977016056837097, 2.0229625144202052, 2.9902217791604953, 2.3881491832469295, 1.5511375752385905, 1.964499139404]]
[[1, 40.6535559613664, 46.81350414753168, 3928.1614264827967], [1, 1.6749188341284955, 4.776832353962905, 8.10279122351363, 10.816956632995169, 5.133652652443427, 3.5659344983720533]]
[[1, 30.00364702884759, 46.81350414753168, 3928.1614264827967], [1, 1.5851365361995056, 4.776832353962905, 9.264044464236246, 1.3979692209298764, 1.8213549156513755, 9.790463529552238]]
[[1, 40.6535559613664, 465.17304562223296, 1132.4365171804816], [1, 2.5977016056837097, 2.0229625144202052, 2.9902217791604953, 9.391611434094727, 5.133652652443427, 3.5659344983720533]]
Best weights: [[1, 4.407935305197932, 427.64643184117085, 934.4984576028926], [1, 2.5977016056837097, 2.0229625144202052, 2.9902217791604953, 2.3881491832469295, 1.5511375752385905, 1.964499139404]]


[[[40.6535559613664, 465.17304562223296, 1132.4365171804816], [2.5977016056837097, 2.055685098267852, 2.9902217791604953, 9.391611434094727, 5.133652652443427, 3.5659344983720533]], [[40.6535559613664, 465.17304562223296, 1132.4365171804816], [2.5977016056837097, 2.0229625144202052, 2.9902217791604953, 9.391611434094727, 5.133652652443427, 3.5659344983720533]], [[5.109256903650978, 427.64643184117085, 3928.1614264827967], [1.6749188341284955, 2.0229625144202052, 2.9902217791604953, 2.3881491832469295, 1.5511375752385905, 1.964499139404]], [[34.70622873554162, 46.81350414753168, 934.4984576028926], [2.760477900841193, 2.0229625144202052, 3.5699960191949907, 1.3979692209298764, 2.030544241419165, 9.790463529552238]], [[4.407935305197932, 427.64643184117085, 971.3261076695422], [1.5851365361995056, 4.776832353962905, 9.264044464236246, 1.3979692209298764, 1.9727605589872508, 1.964499139404]], [[30.00364702884759, 46.81350414753168, 3928.1614264827967], [2.866393329029391, 2.0229625144202052, 2.4855322817479766, 2.6844041092393724, 1.5511375752385905, 9.790463529552238]], [[40.6535559613664, 46.81350414753168, 3928.1614264827967], [1.6749188341284955, 2.0229625144202052, 2.7374820896244065, 1.3979692209298764, 2.0310098433316046, 2.9664989929183507]], [[30.00364702884759, 46.81350414753168, 3928.1614264827967], [1.6749188341284955, 4.776832353962905, 8.10279122351363, 10.816956632995169, 4.583557870237174, 9.133474405988897]]]

[[1, 40.6535559613664, 465.17304562223296, 1132.4365171804816], [1, 2.5977016056837097, 2.055685098267852, 2.9902217791604953, 9.391611434094727, 5.133652652443427, 3.5659344983720533]]
[[1, 40.6535559613664, 465.17304562223296, 1132.4365171804816], [1, 2.5977016056837097, 2.0229625144202052, 2.9902217791604953, 9.391611434094727, 5.133652652443427, 3.5659344983720533]]
[[1, 5.109256903650978, 427.64643184117085, 3928.1614264827967], [1, 1.6749188341284955, 2.0229625144202052, 2.9902217791604953, 2.3881491832469295, 1.5511375752385905, 1.964499139404]]
[[1, 34.70622873554162, 46.81350414753168, 934.4984576028926], [1, 2.760477900841193, 2.0229625144202052, 3.5699960191949907, 1.3979692209298764, 2.030544241419165, 9.790463529552238]]
[[1, 4.407935305197932, 427.64643184117085, 971.3261076695422], [1, 1.5851365361995056, 4.776832353962905, 9.264044464236246, 1.3979692209298764, 1.9727605589872508, 1.964499139404]]
[[1, 30.00364702884759, 46.81350414753168, 3928.1614264827967], [1, 2.866393329029391, 2.0229625144202052, 2.4855322817479766, 2.6844041092393724, 1.5511375752385905, 9.790463529552238]]
[[1, 40.6535559613664, 46.81350414753168, 3928.1614264827967], [1, 1.6749188341284955, 2.0229625144202052, 2.7374820896244065, 1.3979692209298764, 2.0310098433316046, 2.9664989929183507]]
[[1, 30.00364702884759, 46.81350414753168, 3928.1614264827967], [1, 1.6749188341284955, 4.776832353962905, 8.10279122351363, 10.816956632995169, 4.583557870237174, 9.133474405988897]]
Best weights: [[1, 40.6535559613664, 465.17304562223296, 1132.4365171804816], [1, 2.5977016056837097, 2.0229625144202052, 2.9902217791604953, 9.391611434094727, 5.133652652443427, 3.5659344983720533]]


[[[40.6535559613664, 465.17304562223296, 1132.4365171804816], [2.675736688754493, 2.0229625144202052, 2.6210284027108712, 2.6844041092393724, 5.133652652443427, 2.90430123723907]], [[25.885576397622014, 46.81350414753168, 3928.1614264827967], [2.866393329029391, 2.055685098267852, 2.9902217791604953, 9.391611434094727, 1.5511375752385905, 9.790463529552238]], [[30.00364702884759, 46.81350414753168, 3886.255031981127], [1.6749188341284955, 4.614502808475724, 8.10279122351363, 10.816956632995169, 1.5511375752385905, 9.790463529552238]], [[24.090015284668603, 46.81350414753168, 3928.1614264827967], [2.866393329029391, 2.0229625144202052, 2.4855322817479766, 2.5438142475838768, 4.583557870237174, 9.133474405988897]], [[32.65501487594758, 46.81350414753168, 3928.1614264827967], [1.6749188341284955, 2.0229625144202052, 8.10279122351363, 10.816956632995169, 4.583557870237174, 9.133474405988897]], [[5.109256903650978, 427.64643184117085, 3928.1614264827967], [1.6749188341284955, 5.722167888156987, 2.9902217791604953, 2.3881491832469295, 1.5511375752385905, 1.964499139404]], [[5.109256903650978, 427.64643184117085, 3928.1614264827967], [1.6749188341284955, 2.055685098267852, 2.9902217791604953, 9.7248587097895, 5.133652652443427, 1.690130380273297]], [[38.100481161917834, 465.17304562223296, 1132.4365171804816], [2.5977016056837097, 2.138224921958406, 2.9902217791604953, 2.3881491832469295, 1.5511375752385905, 3.5659344983720533]]]

[[1, 40.6535559613664, 465.17304562223296, 1132.4365171804816], [1, 2.675736688754493, 2.0229625144202052, 2.6210284027108712, 2.6844041092393724, 5.133652652443427, 2.90430123723907]]
[[1, 25.885576397622014, 46.81350414753168, 3928.1614264827967], [1, 2.866393329029391, 2.055685098267852, 2.9902217791604953, 9.391611434094727, 1.5511375752385905, 9.790463529552238]]
[[1, 30.00364702884759, 46.81350414753168, 3886.255031981127], [1, 1.6749188341284955, 4.614502808475724, 8.10279122351363, 10.816956632995169, 1.5511375752385905, 9.790463529552238]]
[[1, 24.090015284668603, 46.81350414753168, 3928.1614264827967], [1, 2.866393329029391, 2.0229625144202052, 2.4855322817479766, 2.5438142475838768, 4.583557870237174, 9.133474405988897]]
[[1, 32.65501487594758, 46.81350414753168, 3928.1614264827967], [1, 1.6749188341284955, 2.0229625144202052, 8.10279122351363, 10.816956632995169, 4.583557870237174, 9.133474405988897]]
[[1, 5.109256903650978, 427.64643184117085, 3928.1614264827967], [1, 1.6749188341284955, 5.722167888156987, 2.9902217791604953, 2.3881491832469295, 1.5511375752385905, 1.964499139404]]
[[1, 5.109256903650978, 427.64643184117085, 3928.1614264827967], [1, 1.6749188341284955, 2.055685098267852, 2.9902217791604953, 9.7248587097895, 5.133652652443427, 1.690130380273297]]
[[1, 38.100481161917834, 465.17304562223296, 1132.4365171804816], [1, 2.5977016056837097, 2.138224921958406, 2.9902217791604953, 2.3881491832469295, 1.5511375752385905, 3.5659344983720533]]
Best weights: [[1, 38.100481161917834, 465.17304562223296, 1132.4365171804816], [1, 2.5977016056837097, 2.138224921958406, 2.9902217791604953, 2.3881491832469295, 1.5511375752385905, 3.5659344983720533]]


[[[33.81201469165407, 465.17304562223296, 1116.0261482926048], [2.760477900841193, 2.0229625144202052, 3.5699960191949907, 9.391611434094727, 5.133652652443427, 3.5659344983720533]], [[34.70622873554162, 46.81350414753168, 934.4984576028926], [2.5977016056837097, 1.6736330967254214, 3.5278668277641954, 1.4156312001219211, 2.030544241419165, 9.790463529552238]], [[5.109256903650978, 427.64643184117085, 3928.1614264827967], [1.6749188341284955, 2.0229625144202052, 3.5824050003413013, 2.3881491832469295, 1.5511375752385905, 1.964499139404]], [[5.109256903650978, 372.4481555857895, 3928.1614264827967], [1.6749188341284955, 2.0229625144202052, 2.56663676888618, 2.3881491832469295, 1.5511375752385905, 1.964499139404]], [[40.6535559613664, 465.17304562223296, 1132.4365171804816], [2.5977016056837097, 2.055685098267852, 2.9902217791604953, 2.3881491832469295, 5.133652652443427, 3.5659344983720533]], [[5.109256903650978, 427.64643184117085, 3928.1614264827967], [1.6798841625632652, 2.0229625144202052, 2.9902217791604953, 9.391611434094727, 1.5511375752385905, 1.964499139404]], [[40.6535559613664, 46.81350414753168, 3928.1614264827967], [1.6749188341284955, 2.0229625144202052, 2.7374820896244065, 1.3979692209298764, 2.0310098433316046, 2.9664989929183507]], [[40.6535559613664, 46.81350414753168, 3928.1614264827967], [1.6749188341284955, 2.0229625144202052, 2.7374820896244065, 1.3979692209298764, 2.0310098433316046, 3.2921941690773995]]]

[[1, 33.81201469165407, 465.17304562223296, 1116.0261482926048], [1, 2.760477900841193, 2.0229625144202052, 3.5699960191949907, 9.391611434094727, 5.133652652443427, 3.5659344983720533]]
[[1, 34.70622873554162, 46.81350414753168, 934.4984576028926], [1, 2.5977016056837097, 1.6736330967254214, 3.5278668277641954, 1.4156312001219211, 2.030544241419165, 9.790463529552238]]
[[1, 5.109256903650978, 427.64643184117085, 3928.1614264827967], [1, 1.6749188341284955, 2.0229625144202052, 3.5824050003413013, 2.3881491832469295, 1.5511375752385905, 1.964499139404]]
[[1, 5.109256903650978, 372.4481555857895, 3928.1614264827967], [1, 1.6749188341284955, 2.0229625144202052, 2.56663676888618, 2.3881491832469295, 1.5511375752385905, 1.964499139404]]
[[1, 40.6535559613664, 465.17304562223296, 1132.4365171804816], [1, 2.5977016056837097, 2.055685098267852, 2.9902217791604953, 2.3881491832469295, 5.133652652443427, 3.5659344983720533]]
[[1, 5.109256903650978, 427.64643184117085, 3928.1614264827967], [1, 1.6798841625632652, 2.0229625144202052, 2.9902217791604953, 9.391611434094727, 1.5511375752385905, 1.964499139404]]
[[1, 40.6535559613664, 46.81350414753168, 3928.1614264827967], [1, 1.6749188341284955, 2.0229625144202052, 2.7374820896244065, 1.3979692209298764, 2.0310098433316046, 2.9664989929183507]]
[[1, 40.6535559613664, 46.81350414753168, 3928.1614264827967], [1, 1.6749188341284955, 2.0229625144202052, 2.7374820896244065, 1.3979692209298764, 2.0310098433316046, 3.2921941690773995]]
Best weights: [[1, 5.109256903650978, 372.4481555857895, 3928.1614264827967], [1, 1.6749188341284955, 2.0229625144202052, 2.56663676888618, 2.3881491832469295, 1.5511375752385905, 1.964499139404]]

[[[40.6535559613664, 46.81350414753168, 3928.1614264827967], [1.6749188341284955, 2.0229625144202052, 3.5824050003413013, 2.3881491832469295, 2.0310098433316046, 2.9664989929183507]], [[4.655409828331241, 427.64643184117085, 3928.1614264827967], [1.6749188341284955, 2.0229625144202052, 2.7374820896244065, 1.3979692209298764, 1.5511375752385905, 1.964499139404]], [[5.109256903650978, 46.81350414753168, 3928.1614264827967], [1.6749188341284955, 2.0229625144202052, 2.56663676888618, 2.3881491832469295, 1.5511375752385905, 1.964499139404]], [[36.66809926372123, 372.4481555857895, 3928.1614264827967], [1.6749188341284955, 2.0229625144202052, 2.7374820896244065, 1.3979692209298764, 2.0310098433316046, 2.9664989929183507]], [[5.109256903650978, 465.17304562223296, 1132.4365171804816], [2.5977016056837097, 2.055685098267852, 2.9902217791604953, 2.3881491832469295, 1.5511375752385905, 1.964499139404]], [[40.6535559613664, 427.64643184117085, 3928.1614264827967], [1.5778728720608104, 2.0229625144202052, 3.5824050003413013, 2.3881491832469295, 5.133652652443427, 3.5659344983720533]], [[5.109256903650978, 427.64643184117085, 3928.1614264827967], [1.6749188341284955, 2.0229625144202052, 3.5824050003413013, 9.391611434094727, 1.5511375752385905, 1.964499139404]], [[5.109256903650978, 427.64643184117085, 3928.1614264827967], [1.6798841625632652, 2.0229625144202052, 2.9902217791604953, 2.3881491832469295, 1.5511375752385905, 1.964499139404]]]

[[1, 40.6535559613664, 46.81350414753168, 3928.1614264827967], [1, 1.6749188341284955, 2.0229625144202052, 3.5824050003413013, 2.3881491832469295, 2.0310098433316046, 2.9664989929183507]]
[[1, 4.655409828331241, 427.64643184117085, 3928.1614264827967], [1, 1.6749188341284955, 2.0229625144202052, 2.7374820896244065, 1.3979692209298764, 1.5511375752385905, 1.964499139404]]
[[1, 5.109256903650978, 46.81350414753168, 3928.1614264827967], [1, 1.6749188341284955, 2.0229625144202052, 2.56663676888618, 2.3881491832469295, 1.5511375752385905, 1.964499139404]]
[[1, 36.66809926372123, 372.4481555857895, 3928.1614264827967], [1, 1.6749188341284955, 2.0229625144202052, 2.7374820896244065, 1.3979692209298764, 2.0310098433316046, 2.9664989929183507]]
[[1, 5.109256903650978, 465.17304562223296, 1132.4365171804816], [1, 2.5977016056837097, 2.055685098267852, 2.9902217791604953, 2.3881491832469295, 1.5511375752385905, 1.964499139404]]
[[1, 40.6535559613664, 427.64643184117085, 3928.1614264827967], [1, 1.5778728720608104, 2.0229625144202052, 3.5824050003413013, 2.3881491832469295, 5.133652652443427, 3.5659344983720533]]
[[1, 5.109256903650978, 427.64643184117085, 3928.1614264827967], [1, 1.6749188341284955, 2.0229625144202052, 3.5824050003413013, 9.391611434094727, 1.5511375752385905, 1.964499139404]]
[[1, 5.109256903650978, 427.64643184117085, 3928.1614264827967], [1, 1.6798841625632652, 2.0229625144202052, 2.9902217791604953, 2.3881491832469295, 1.5511375752385905, 1.964499139404]]
Best weights: [[1, 40.6535559613664, 427.64643184117085, 3928.1614264827967], [1, 1.5778728720608104, 2.0229625144202052, 3.5824050003413013, 2.3881491832469295, 5.133652652443427, 3.5659344983720533]]


[[[5.109256903650978, 427.64643184117085, 3928.1614264827967], [1.6798841625632652, 2.0229625144202052, 2.9902217791604953, 2.3881491832469295, 2.0310098433316046, 1.964499139404]], [[36.66090013736813, 372.4481555857895, 3928.1614264827967], [1.6749188341284955, 2.0229625144202052, 2.7374820896244065, 1.3979692209298764, 1.5511375752385905, 2.9664989929183507]], [[36.66809926372123, 372.4481555857895, 3928.1614264827967], [1.6749188341284955, 2.0229625144202052, 2.7374820896244065, 1.3979692209298764, 2.0310098433316046, 2.9664989929183507]], [[4.655409828331241, 427.64643184117085, 3928.1614264827967], [1.6749188341284955, 2.0229625144202052, 2.7374820896244065, 1.3979692209298764, 1.5511375752385905, 1.964499139404]], [[40.6535559613664, 427.64643184117085, 3928.1614264827967], [1.5778728720608104, 2.0229625144202052, 3.5824050003413013, 2.3881491832469295, 5.133652652443427, 3.5659344983720533]], [[36.66809926372123, 372.4481555857895, 3928.1614264827967], [1.6749188341284955, 2.0229625144202052, 2.7374820896244065, 1.3979692209298764, 2.0310098433316046, 2.9664989929183507]], [[5.109256903650978, 427.64643184117085, 3928.1614264827967], [1.360570302414582, 2.0229625144202052, 2.56663676888618, 2.3881491832469295, 1.5511375752385905, 1.964499139404]], [[5.380144337410294, 46.81350414753168, 3928.1614264827967], [1.6266102619854206, 2.0229625144202052, 2.9902217791604953, 2.3881491832469295, 1.5511375752385905, 1.964499139404]]]

[[1, 5.109256903650978, 427.64643184117085, 3928.1614264827967], [1, 1.6798841625632652, 2.0229625144202052, 2.9902217791604953, 2.3881491832469295, 2.0310098433316046, 1.964499139404]]
[[1, 36.66090013736813, 372.4481555857895, 3928.1614264827967], [1, 1.6749188341284955, 2.0229625144202052, 2.7374820896244065, 1.3979692209298764, 1.5511375752385905, 2.9664989929183507]]
[[1, 36.66809926372123, 372.4481555857895, 3928.1614264827967], [1, 1.6749188341284955, 2.0229625144202052, 2.7374820896244065, 1.3979692209298764, 2.0310098433316046, 2.9664989929183507]]
[[1, 4.655409828331241, 427.64643184117085, 3928.1614264827967], [1, 1.6749188341284955, 2.0229625144202052, 2.7374820896244065, 1.3979692209298764, 1.5511375752385905, 1.964499139404]]
[[1, 40.6535559613664, 427.64643184117085, 3928.1614264827967], [1, 1.5778728720608104, 2.0229625144202052, 3.5824050003413013, 2.3881491832469295, 5.133652652443427, 3.5659344983720533]]
[[1, 36.66809926372123, 372.4481555857895, 3928.1614264827967], [1, 1.6749188341284955, 2.0229625144202052, 2.7374820896244065, 1.3979692209298764, 2.0310098433316046, 2.9664989929183507]]
[[1, 5.109256903650978, 427.64643184117085, 3928.1614264827967], [1, 1.360570302414582, 2.0229625144202052, 2.56663676888618, 2.3881491832469295, 1.5511375752385905, 1.964499139404]]
[[1, 5.380144337410294, 46.81350414753168, 3928.1614264827967], [1, 1.6266102619854206, 2.0229625144202052, 2.9902217791604953, 2.3881491832469295, 1.5511375752385905, 1.964499139404]]
Best weights: [[1, 5.380144337410294, 46.81350414753168, 3928.1614264827967], [1, 1.6266102619854206, 2.0229625144202052, 2.9902217791604953, 2.3881491832469295, 1.5511375752385905, 1.964499139404]]
[[[40.6535559613664, 427.64643184117085, 3176.486757000512], [1.5778728720608104, 2.0229625144202052, 3.5824050003413013, 2.3881491832469295, 5.133652652443427, 3.5659344983720533]], [[5.109256903650978, 427.64643184117085, 4487.283932828535], [1.5222290195973358, 2.0229625144202052, 2.870347290991374, 2.3881491832469295, 1.5511375752385905, 1.964499139404]], [[5.109256903650978, 427.64643184117085, 3928.1614264827967], [1.5778728720608104, 2.0229625144202052, 3.5824050003413013, 2.3881491832469295, 1.8968553212721868, 1.5910165884751395]], [[40.6535559613664, 427.64643184117085, 3928.1614264827967], [1.6798841625632652, 2.0229625144202052, 2.9902217791604953, 2.3881491832469295, 5.133652652443427, 3.5659344983720533]], [[5.109256903650978, 427.64643184117085, 3928.1614264827967], [1.360570302414582, 2.0229625144202052, 2.433094209658073, 2.3881491832469295, 1.5511375752385905, 1.964499139404]], [[5.109256903650978, 427.64643184117085, 3928.1614264827967], [1.360570302414582, 2.0229625144202052, 2.56663676888618, 2.3881491832469295, 1.5511375752385905, 1.964499139404]], [[36.66809926372123, 343.0386571821147, 3928.1614264827967], [1.6749188341284955, 2.0229625144202052, 2.7374820896244065, 1.3979692209298764, 2.0310098433316046, 2.9664989929183507]], [[36.66809926372123, 394.00507141827046, 3928.1614264827967], [1.6749188341284955, 2.0229625144202052, 2.220309841291523, 1.3979692209298764, 2.0310098433316046, 2.9664989929183507]]]

[[1, 40.6535559613664, 427.64643184117085, 3176.486757000512], [1, 1.5778728720608104, 2.0229625144202052, 3.5824050003413013, 2.3881491832469295, 5.133652652443427, 3.5659344983720533]]
[[1, 5.109256903650978, 427.64643184117085, 4487.283932828535], [1, 1.5222290195973358, 2.0229625144202052, 2.870347290991374, 2.3881491832469295, 1.5511375752385905, 1.964499139404]]
[[1, 5.109256903650978, 427.64643184117085, 3928.1614264827967], [1, 1.5778728720608104, 2.0229625144202052, 3.5824050003413013, 2.3881491832469295, 1.8968553212721868, 1.5910165884751395]]
[[1, 40.6535559613664, 427.64643184117085, 3928.1614264827967], [1, 1.6798841625632652, 2.0229625144202052, 2.9902217791604953, 2.3881491832469295, 5.133652652443427, 3.5659344983720533]]
[[1, 5.109256903650978, 427.64643184117085, 3928.1614264827967], [1, 1.360570302414582, 2.0229625144202052, 2.433094209658073, 2.3881491832469295, 1.5511375752385905, 1.964499139404]]
[[1, 5.109256903650978, 427.64643184117085, 3928.1614264827967], [1, 1.360570302414582, 2.0229625144202052, 2.56663676888618, 2.3881491832469295, 1.5511375752385905, 1.964499139404]]
[[1, 36.66809926372123, 343.0386571821147, 3928.1614264827967], [1, 1.6749188341284955, 2.0229625144202052, 2.7374820896244065, 1.3979692209298764, 2.0310098433316046, 2.9664989929183507]]
[[1, 36.66809926372123, 394.00507141827046, 3928.1614264827967], [1, 1.6749188341284955, 2.0229625144202052, 2.220309841291523, 1.3979692209298764, 2.0310098433316046, 2.9664989929183507]]
Best weights: [[1, 36.66809926372123, 394.00507141827046, 3928.1614264827967], [1, 1.6749188341284955, 2.0229625144202052, 2.220309841291523, 1.3979692209298764, 2.0310098433316046, 2.9664989929183507]]


[[[32.82363009132047, 372.4481555857895, 3928.1614264827967], [1.6266102619854206, 2.0229625144202052, 2.9902217791604953, 2.3881491832469295, 1.5511375752385905, 1.964499139404]], [[5.380144337410294, 46.81350414753168, 3928.1614264827967], [1.6749188341284955, 2.0229625144202052, 2.7374820896244065, 1.3979692209298764, 1.5891513652585432, 2.9664989929183507]], [[5.380144337410294, 46.81350414753168, 3928.1614264827967], [1.6266102619854206, 2.0229625144202052, 2.6965837687767076, 2.3881491832469295, 1.5511375752385905, 1.964499139404]], [[5.380144337410294, 46.81350414753168, 3928.1614264827967], [1.6266102619854206, 2.0229625144202052, 2.9902217791604953, 2.3881491832469295, 1.5511375752385905, 1.964499139404]], [[5.380144337410294, 46.81350414753168, 3928.1614264827967], [1.6266102619854206, 2.1788735922568443, 2.56663676888618, 2.3881491832469295, 1.5511375752385905, 1.964499139404]], [[5.3008574993484086, 427.64643184117085, 3928.1614264827967], [1.360570302414582, 2.0229625144202052, 2.9902217791604953, 2.3881491832469295, 1.5511375752385905, 1.964499139404]], [[36.66809926372123, 372.4481555857895, 3928.1614264827967], [1.6749188341284955, 2.0229625144202052, 2.7374820896244065, 1.3979692209298764, 2.0310098433316046, 2.9664989929183507]], [[36.66809926372123, 372.4481555857895, 3928.1614264827967], [1.6749188341284955, 2.0229625144202052, 2.7374820896244065, 1.3979692209298764, 2.0310098433316046, 2.9664989929183507]]]

[[1, 32.82363009132047, 372.4481555857895, 3928.1614264827967], [1, 1.6266102619854206, 2.0229625144202052, 2.9902217791604953, 2.3881491832469295, 1.5511375752385905, 1.964499139404]]
[[1, 5.380144337410294, 46.81350414753168, 3928.1614264827967], [1, 1.6749188341284955, 2.0229625144202052, 2.7374820896244065, 1.3979692209298764, 1.5891513652585432, 2.9664989929183507]]
[[1, 5.380144337410294, 46.81350414753168, 3928.1614264827967], [1, 1.6266102619854206, 2.0229625144202052, 2.6965837687767076, 2.3881491832469295, 1.5511375752385905, 1.964499139404]]
[[1, 5.380144337410294, 46.81350414753168, 3928.1614264827967], [1, 1.6266102619854206, 2.0229625144202052, 2.9902217791604953, 2.3881491832469295, 1.5511375752385905, 1.964499139404]]
[[1, 5.380144337410294, 46.81350414753168, 3928.1614264827967], [1, 1.6266102619854206, 2.1788735922568443, 2.56663676888618, 2.3881491832469295, 1.5511375752385905, 1.964499139404]]
[[1, 5.3008574993484086, 427.64643184117085, 3928.1614264827967], [1, 1.360570302414582, 2.0229625144202052, 2.9902217791604953, 2.3881491832469295, 1.5511375752385905, 1.964499139404]]
[[1, 36.66809926372123, 372.4481555857895, 3928.1614264827967], [1, 1.6749188341284955, 2.0229625144202052, 2.7374820896244065, 1.3979692209298764, 2.0310098433316046, 2.9664989929183507]]
[[1, 36.66809926372123, 372.4481555857895, 3928.1614264827967], [1, 1.6749188341284955, 2.0229625144202052, 2.7374820896244065, 1.3979692209298764, 2.0310098433316046, 2.9664989929183507]]
Best weights: [[1, 36.66809926372123, 372.4481555857895, 3928.1614264827967], [1, 1.6749188341284955, 2.0229625144202052, 2.7374820896244065, 1.3979692209298764, 2.0310098433316046, 2.9664989929183507]]


[[[40.6535559613664, 427.64643184117085, 3928.1614264827967], [1.6749188341284955, 2.0229625144202052, 3.5824050003413013, 2.3881491832469295, 5.133652652443427, 3.5659344983720533]], [[36.66090013736813, 372.4481555857895, 3928.1614264827967], [1.5778728720608104, 2.0229625144202052, 2.7374820896244065, 1.3979692209298764, 1.787448648213885, 2.9664989929183507]], [[36.66809926372123, 372.4481555857895, 3928.1614264827967], [1.6749188341284955, 2.0229625144202052, 2.7374820896244065, 1.3979692209298764, 2.0310098433316046, 2.9664989929183507]], [[42.332051807985806, 372.4481555857895, 3928.1614264827967], [1.6749188341284955, 2.0229625144202052, 2.7374820896244065, 1.3979692209298764, 2.0310098433316046, 2.9664989929183507]], [[36.66809926372123, 372.4481555857895, 3928.1614264827967], [1.360570302414582, 2.0229625144202052, 2.7374820896244065, 1.3979692209298764, 2.0310098433316046, 2.9664989929183507]], [[5.109256903650978, 427.64643184117085, 3928.1614264827967], [1.6749188341284955, 2.237829285521452, 2.56663676888618, 2.3881491832469295, 1.5511375752385905, 1.964499139404]], [[36.66809926372123, 427.64643184117085, 3928.1614264827967], [1.360570302414582, 2.0229625144202052, 2.56663676888618, 2.3881491832469295, 1.4381013964511267, 2.9664989929183507]], [[5.109256903650978, 372.4481555857895, 3928.1614264827967], [1.6749188341284955, 2.0229625144202052, 2.7374820896244065, 1.3979692209298764, 2.0310098433316046, 1.964499139404]]]

[[1, 40.6535559613664, 427.64643184117085, 3928.1614264827967], [1, 1.6749188341284955, 2.0229625144202052, 3.5824050003413013, 2.3881491832469295, 5.133652652443427, 3.5659344983720533]]
[[1, 36.66090013736813, 372.4481555857895, 3928.1614264827967], [1, 1.5778728720608104, 2.0229625144202052, 2.7374820896244065, 1.3979692209298764, 1.787448648213885, 2.9664989929183507]]
[[1, 36.66809926372123, 372.4481555857895, 3928.1614264827967], [1, 1.6749188341284955, 2.0229625144202052, 2.7374820896244065, 1.3979692209298764, 2.0310098433316046, 2.9664989929183507]]
[[1, 42.332051807985806, 372.4481555857895, 3928.1614264827967], [1, 1.6749188341284955, 2.0229625144202052, 2.7374820896244065, 1.3979692209298764, 2.0310098433316046, 2.9664989929183507]]
[[1, 36.66809926372123, 372.4481555857895, 3928.1614264827967], [1, 1.360570302414582, 2.0229625144202052, 2.7374820896244065, 1.3979692209298764, 2.0310098433316046, 2.9664989929183507]]
[[1, 5.109256903650978, 427.64643184117085, 3928.1614264827967], [1, 1.6749188341284955, 2.237829285521452, 2.56663676888618, 2.3881491832469295, 1.5511375752385905, 1.964499139404]]
[[1, 36.66809926372123, 427.64643184117085, 3928.1614264827967], [1, 1.360570302414582, 2.0229625144202052, 2.56663676888618, 2.3881491832469295, 1.4381013964511267, 2.9664989929183507]]
[[1, 5.109256903650978, 372.4481555857895, 3928.1614264827967], [1, 1.6749188341284955, 2.0229625144202052, 2.7374820896244065, 1.3979692209298764, 2.0310098433316046, 1.964499139404]]
Best weights: [[1, 5.109256903650978, 372.4481555857895, 3928.1614264827967], [1, 1.6749188341284955, 2.0229625144202052, 2.7374820896244065, 1.3979692209298764, 2.0310098433316046, 1.964499139404]]


[[[4.655409828331241, 427.64643184117085, 4159.254447854989], [1.360570302414582, 2.0229625144202052, 2.7374820896244065, 1.3979692209298764, 1.5511375752385905, 1.964499139404]], [[5.109256903650978, 427.64643184117085, 4703.233078127004], [1.83669519516227, 2.0229625144202052, 2.56663676888618, 2.3881491832469295, 1.5511375752385905, 1.964499139404]], [[43.6771719379967, 407.37534254945746, 3928.1614264827967], [1.6827848656267308, 2.0229625144202052, 2.7374820896244065, 1.3979692209298764, 2.0310098433316046, 3.5659344983720533]], [[36.66809926372123, 372.4481555857895, 3928.1614264827967], [1.417765329992446, 2.0229625144202052, 3.5824050003413013, 2.3881491832469295, 5.133652652443427, 2.9664989929183507]], [[36.66809926372123, 372.4481555857895, 3563.7858147781685], [1.6749188341284955, 2.0229625144202052, 2.7374820896244065, 1.3979692209298764, 2.0310098433316046, 2.9664989929183507]], [[4.655409828331241, 427.64643184117085, 3928.1614264827967], [1.7227540633627603, 1.7829259121192569, 2.7374820896244065, 1.3979692209298764, 1.5511375752385905, 1.964499139404]], [[4.655409828331241, 427.64643184117085, 3928.1614264827967], [1.360570302414582, 2.0229625144202052, 2.56663676888618, 2.3881491832469295, 1.5511375752385905, 2.266209869869853]], [[5.109256903650978, 427.64643184117085, 3928.1614264827967], [1.7688209487807698, 2.0229625144202052, 2.7374820896244065, 1.3979692209298764, 1.5511375752385905, 1.5918347581177694]]]

[[1, 4.655409828331241, 427.64643184117085, 4159.254447854989], [1, 1.360570302414582, 2.0229625144202052, 2.7374820896244065, 1.3979692209298764, 1.5511375752385905, 1.964499139404]]
[[1, 5.109256903650978, 427.64643184117085, 4703.233078127004], [1, 1.83669519516227, 2.0229625144202052, 2.56663676888618, 2.3881491832469295, 1.5511375752385905, 1.964499139404]]
[[1, 43.6771719379967, 407.37534254945746, 3928.1614264827967], [1, 1.6827848656267308, 2.0229625144202052, 2.7374820896244065, 1.3979692209298764, 2.0310098433316046, 3.5659344983720533]]
[[1, 36.66809926372123, 372.4481555857895, 3928.1614264827967], [1, 1.417765329992446, 2.0229625144202052, 3.5824050003413013, 2.3881491832469295, 5.133652652443427, 2.9664989929183507]]
[[1, 36.66809926372123, 372.4481555857895, 3563.7858147781685], [1, 1.6749188341284955, 2.0229625144202052, 2.7374820896244065, 1.3979692209298764, 2.0310098433316046, 2.9664989929183507]]
[[1, 4.655409828331241, 427.64643184117085, 3928.1614264827967], [1, 1.7227540633627603, 1.7829259121192569, 2.7374820896244065, 1.3979692209298764, 1.5511375752385905, 1.964499139404]]
[[1, 4.655409828331241, 427.64643184117085, 3928.1614264827967], [1, 1.360570302414582, 2.0229625144202052, 2.56663676888618, 2.3881491832469295, 1.5511375752385905, 2.266209869869853]]
[[1, 5.109256903650978, 427.64643184117085, 3928.1614264827967], [1, 1.7688209487807698, 2.0229625144202052, 2.7374820896244065, 1.3979692209298764, 1.5511375752385905, 1.5918347581177694]]
Best weights: [[1, 5.109256903650978, 427.64643184117085, 3928.1614264827967], [1, 1.7688209487807698, 2.0229625144202052, 2.7374820896244065, 1.3979692209298764, 1.5511375752385905, 1.5918347581177694]]


[[[5.109256903650978, 427.64643184117085, 3928.1614264827967], [1.360570302414582, 2.0229625144202052, 2.56663676888618, 2.3881491832469295, 1.5511375752385905, 1.964499139404]], [[5.109256903650978, 427.64643184117085, 3928.1614264827967], [1.360570302414582, 2.0229625144202052, 2.56663676888618, 2.3881491832469295, 1.4504597997811581, 1.964499139404]], [[5.380144337410294, 46.81350414753168, 3928.1614264827967], [1.5778728720608104, 2.0229625144202052, 3.5824050003413013, 2.3881491832469295, 4.52606556796396, 3.5659344983720533]], [[40.6535559613664, 427.64643184117085, 3928.1614264827967], [1.6266102619854206, 2.0229625144202052, 2.9902217791604953, 2.3881491832469295, 1.5511375752385905, 1.964499139404]], [[5.380144337410294, 46.81350414753168, 3928.1614264827967], [1.5057843871863563, 2.0229625144202052, 2.9902217791604953, 2.3881491832469295, 1.5511375752385905, 1.964499139404]], [[5.380144337410294, 46.81350414753168, 3928.1614264827967], [1.6266102619854206, 2.0229625144202052, 2.9902217791604953, 2.3881491832469295, 1.5511375752385905, 1.964499139404]], [[5.109256903650978, 427.64643184117085, 3351.4156343805503], [1.5778728720608104, 2.0229625144202052, 3.5824050003413013, 2.3881491832469295, 2.0310098433316046, 1.964499139404]], [[45.46198895259435, 427.64643184117085, 3928.1614264827967], [1.6952078068750305, 2.0229625144202052, 2.9902217791604953, 1.9941731054884415, 5.133652652443427, 3.5659344983720533]]]

[[1, 5.109256903650978, 427.64643184117085, 3928.1614264827967], [1, 1.360570302414582, 2.0229625144202052, 2.56663676888618, 2.3881491832469295, 1.5511375752385905, 1.964499139404]]
[[1, 5.109256903650978, 427.64643184117085, 3928.1614264827967], [1, 1.360570302414582, 2.0229625144202052, 2.56663676888618, 2.3881491832469295, 1.4504597997811581, 1.964499139404]]
[[1, 5.380144337410294, 46.81350414753168, 3928.1614264827967], [1, 1.5778728720608104, 2.0229625144202052, 3.5824050003413013, 2.3881491832469295, 4.52606556796396, 3.5659344983720533]]
[[1, 40.6535559613664, 427.64643184117085, 3928.1614264827967], [1, 1.6266102619854206, 2.0229625144202052, 2.9902217791604953, 2.3881491832469295, 1.5511375752385905, 1.964499139404]]
[[1, 5.380144337410294, 46.81350414753168, 3928.1614264827967], [1, 1.5057843871863563, 2.0229625144202052, 2.9902217791604953, 2.3881491832469295, 1.5511375752385905, 1.964499139404]]
[[1, 5.380144337410294, 46.81350414753168, 3928.1614264827967], [1, 1.6266102619854206, 2.0229625144202052, 2.9902217791604953, 2.3881491832469295, 1.5511375752385905, 1.964499139404]]
[[1, 5.109256903650978, 427.64643184117085, 3351.4156343805503], [1, 1.5778728720608104, 2.0229625144202052, 3.5824050003413013, 2.3881491832469295, 2.0310098433316046, 1.964499139404]]
[[1, 45.46198895259435, 427.64643184117085, 3928.1614264827967], [1, 1.6952078068750305, 2.0229625144202052, 2.9902217791604953, 1.9941731054884415, 5.133652652443427, 3.5659344983720533]]
Best weights: [[1, 45.46198895259435, 427.64643184117085, 3928.1614264827967], [1, 1.6952078068750305, 2.0229625144202052, 2.9902217791604953, 1.9941731054884415, 5.133652652443427, 3.5659344983720533]]

